The Hindu - 23/Mar/2013
0 0 0 0 4 0 0 0 6 9 2 7 0 0 6 0 0 0 0 0 0 0 0 8 0 7 2 0 7 0 0 0 2 0 1 3 6 0 0 4 0 9 0 0 8 2 8 0 3 0 0 0 4 0 8 5 0 9 0 0 0 0 0 0 0 0 8 0 0 5 2 4 1 0 0 0 6 0 0 0 0
The Hindu - 24/Mar/2013
0 0 7 0 1 0 0 0 0 1 0 0 3 0 4 0 0 2 2 0 0 0 0 0 0 7 0 4 9 0 0 0 1 0 3 0 0 3 0 6 0 5 0 9 0 0 6 0 2 0 0 0 5 4 0 1 0 0 0 0 0 0 3 3 0 0 4 0 8 0 0 5 0 0 0 0 5 0 8 0 0
The Hindu - 22/Mar/2013
0 0 0 0 0 0 0 2 0 0 0 2 8 4 0 0 1 6 7 6 0 0 0 2 0 8 0 0 5 3 0 0 7 0 0 0 9 4 0 0 0 0 0 7 2 0 0 0 4 0 0 3 5 0 0 3 0 2 0 0 0 4 7 4 2 0 0 9 5 1 0 0 0 7 0 0 0 0 0 0 0
Telegraph - World's hardest
8 0 0 0 0 0 0 0 0 0 0 3 6 0 0 0 0 0 0 7 0 0 9 0 2 0 0 0 5 0 0 0 7 0 0 0 0 0 0 0 4 5 7 0 0 0 0 0 1 0 0 0 3 0 0 0 1 0 0 0 0 6 8 0 0 8 5 0 0 0 1 0 0 9 0 0 0 0 4 0 0
World’s Hardest Sudoku (Lannister Lion)
0 6 1 0 0 7 0 0 3 0 9 2 0 0 3 0 0 0 0 0 0 0 0 0 0 0 0 0 0 8 5 3 0 0 0 0 0 0 0 0 0 0 5 0 4 5 0 0 0 0 8 0 0 0 0 4 0 0 0 0 0 0 1 0 0 0 1 6 0 8 0 0 6 0 0 0 0 0 0 0 0
Tokyo University
0 4 6 0 0 5 7 0 0 0 0 0 9 0 0 0 0 0 0 9 0 0 0 1 0 0 6 0 0 0 0 0 0 9 0 0 0 3 0 0 0 0 0 0 0 4 0 0 5 2 0 0 0 8 0 8 0 0 0 0 0 7 0 5 7 0 3 0 0 0 8 2 2 0 0 0 0 0 3 0 0
16 x 16 example
0 15 0 0 3 16 4 0 9 0 5 2 11 8 0 0 6 11 13 1 5 14 9 2 0 0 15 8 10 0 0 0 0 12 5 0 11 13 6 15 0 1 10 0 9 0 2 0 3 0 2 0 0 7 10 1 12 0 11 14 13 0 15 16 2 7 10 15 12 3 5 6 4 11 8 0 14 0 0 9 0 1 0 0 0 0 14 0 0 0 6 13 0 3 10 15 5 14 0 0 9 1 0 0 10 15 2 0 16 0 4 7 13 16 0 0 10 4 15 0 1 14 9 0 6 0 5 0 0 13 0 12 0 6 0 4 14 9 3 5 2 10 1 8 0 10 6 7 14 0 0 13 11 8 16 15 0 0 12 0 0 5 9 3 0 8 0 0 2 0 1 4 0 0 16 13 8 2 4 0 1 10 0 0 13 7 12 0 0 15 0 11 10 9 7 0 6 12 0 0 0 2 13 0 0 16 8 0 11 3 16 14 0 9 8 10 0 12 4 0 15 0 0 5 12 6 0 13 4 0 16 5 8 0 7 0 0 14 11 10 4 0 0 0 7 15 11 0 5 0 0 0 12 13 0 6
6 x 6 example
2 5 0 0 6 3 0 0 0 2 4 5 1 0 3 5 0 0 5 6 2 3 1 0 4 0 0 0 5 2 0 2 5 4 3 0
